           6
 F F F T         540           1   1979.9999999999877     
   4.0695352207474551        0.0000000000000000        0.0000000000000000        0.0000000000000000     
   4.0671848161065691        0.0000000000000000        0.0000000000000000        0.0000000000000000     
   3.9859230127303835        0.0000000000000000        0.0000000000000000        0.0000000000000000     
   3.9955747675298983        0.0000000000000000        0.0000000000000000        0.0000000000000000     
   3.9859227089511071        0.0000000000000000        0.0000000000000000        0.0000000000000000     
   4.0671458195024845        0.0000000000000000        0.0000000000000000        0.0000000000000000     
   3.9850526647179252        0.0000000000000000        0.0000000000000000        0.0000000000000000     
   3.9978257051169273        0.0000000000000000        0.0000000000000000        0.0000000000000000     
   4.0017234332805440        0.0000000000000000        0.0000000000000000        0.0000000000000000     
   4.0017234072063479        0.0000000000000000        0.0000000000000000        0.0000000000000000     
   3.9978256794259139        0.0000000000000000        0.0000000000000000        0.0000000000000000     
   3.9850526239208595        0.0000000000000000        0.0000000000000000        0.0000000000000000     
   4.0671251886904392        0.0000000000000000        0.0000000000000000        0.0000000000000000     
   3.9849051159053643        0.0000000000000000        0.0000000000000000        0.0000000000000000     
   3.9976495007985102        0.0000000000000000        0.0000000000000000        0.0000000000000000     
   4.0016823491904647        0.0000000000000000        0.0000000000000000        0.0000000000000000     
   4.0001883030897547        0.0000000000000000        0.0000000000000000        0.0000000000000000     
   4.0002735945080925        0.0000000000000000        0.0000000000000000        0.0000000000000000     
   4.0001883750306977        0.0000000000000000        0.0000000000000000        0.0000000000000000     
   4.0016823937933772        0.0000000000000000        0.0000000000000000        0.0000000000000000     
   3.9976494665116675        0.0000000000000000        0.0000000000000000        0.0000000000000000     
   3.9849049458264054        0.0000000000000000        0.0000000000000000        0.0000000000000000     
   4.0665469834698582        0.0000000000000000        0.0000000000000000        0.0000000000000000     
   3.9844921142996212        0.0000000000000000        0.0000000000000000        0.0000000000000000     
   3.9976419235879472        0.0000000000000000        0.0000000000000000        0.0000000000000000     
   4.0016226920459665        0.0000000000000000        0.0000000000000000        0.0000000000000000     
   4.0000261055742579        0.0000000000000000        0.0000000000000000        0.0000000000000000     
   4.0002351851610127        0.0000000000000000        0.0000000000000000        0.0000000000000000     
   4.0002997078669553        0.0000000000000000        0.0000000000000000        0.0000000000000000     
   4.0002997265541653        0.0000000000000000        0.0000000000000000        0.0000000000000000     
   4.0002352436164603        0.0000000000000000        0.0000000000000000        0.0000000000000000     
   4.0000261678722229        0.0000000000000000        0.0000000000000000        0.0000000000000000     
   4.0016226952593481        0.0000000000000000        0.0000000000000000        0.0000000000000000     
   3.9976418412151373        0.0000000000000000        0.0000000000000000        0.0000000000000000     
   3.9844919546464124        0.0000000000000000        0.0000000000000000        0.0000000000000000     
   3.9659386669054553        0.0000000000000000        0.0000000000000000        0.0000000000000000     
   3.9986745467977771        0.0000000000000000        0.0000000000000000        0.0000000000000000     
   4.0014168936130092        0.0000000000000000        0.0000000000000000        0.0000000000000000     
   3.9998743585747438        0.0000000000000000        0.0000000000000000        0.0000000000000000     
   4.0001380197459495        0.0000000000000000        0.0000000000000000        0.0000000000000000     
   4.0002471578255454        0.0000000000000000        0.0000000000000000        0.0000000000000000     
   4.0002034973835618        0.0000000000000000        0.0000000000000000        0.0000000000000000     
   4.0002368419404624        0.0000000000000000        0.0000000000000000        0.0000000000000000     
   4.0002035316192117        0.0000000000000000        0.0000000000000000        0.0000000000000000     
   4.0002471901776691        0.0000000000000000        0.0000000000000000        0.0000000000000000     
   4.0001380497729420        0.0000000000000000        0.0000000000000000        0.0000000000000000     
   3.9998743768243372        0.0000000000000000        0.0000000000000000        0.0000000000000000     
   4.0014168970897899        0.0000000000000000        0.0000000000000000        0.0000000000000000     
   3.9986744293974659        0.0000000000000000        0.0000000000000000        0.0000000000000000     
   4.0665469313247584        0.0000000000000000        0.0000000000000000        0.0000000000000000     
   3.9986745790039615        0.0000000000000000        0.0000000000000000        0.0000000000000000     
   3.9996165459241113        0.0000000000000000        0.0000000000000000        0.0000000000000000     
   4.0000871326696341        0.0000000000000000        0.0000000000000000        0.0000000000000000     
   4.0001645054250377        0.0000000000000000        0.0000000000000000        0.0000000000000000     
   4.0001183196046881        0.0000000000000000        0.0000000000000000        0.0000000000000000     
   4.0001925404553891        0.0000000000000000        0.0000000000000000        0.0000000000000000     
   4.0001859269076894        0.0000000000000000        0.0000000000000000        0.0000000000000000     
   4.0001859398539903        0.0000000000000000        0.0000000000000000        0.0000000000000000     
   4.0001925730996959        0.0000000000000000        0.0000000000000000        0.0000000000000000     
   4.0001183614252893        0.0000000000000000        0.0000000000000000        0.0000000000000000     
   4.0001645152154133        0.0000000000000000        0.0000000000000000        0.0000000000000000     
   4.0000871325100684        0.0000000000000000        0.0000000000000000        0.0000000000000000     
   3.9996165313934635        0.0000000000000000        0.0000000000000000        0.0000000000000000     
   3.9986744318295799        0.0000000000000000        0.0000000000000000        0.0000000000000000     
   3.9844920387979683        0.0000000000000000        0.0000000000000000        0.0000000000000000     
   4.0014169189964974        0.0000000000000000        0.0000000000000000        0.0000000000000000     
   4.0000870823557779        0.0000000000000000        0.0000000000000000        0.0000000000000000     
   4.0000623390928780        0.0000000000000000        0.0000000000000000        0.0000000000000000     
   4.0001415693732314        0.0000000000000000        0.0000000000000000        0.0000000000000000     
   4.0001552624448715        0.0000000000000000        0.0000000000000000        0.0000000000000000     
   4.0001497313272996        0.0000000000000000        0.0000000000000000        0.0000000000000000     
   4.0001739793348801        0.0000000000000000        0.0000000000000000        0.0000000000000000     
   4.0001497574256319        0.0000000000000000        0.0000000000000000        0.0000000000000000     
   4.0001553048530321        0.0000000000000000        0.0000000000000000        0.0000000000000000     
   4.0001415943605050        0.0000000000000000        0.0000000000000000        0.0000000000000000     
   4.0000623792751862        0.0000000000000000        0.0000000000000000        0.0000000000000000     
   4.0000871327224310        0.0000000000000000        0.0000000000000000        0.0000000000000000     
   4.0014168961819783        0.0000000000000000        0.0000000000000000        0.0000000000000000     
   3.9844919486769084        0.0000000000000000        0.0000000000000000        0.0000000000000000     
   4.0671251756367051        0.0000000000000000        0.0000000000000000        0.0000000000000000     
   3.9976419078087626        0.0000000000000000        0.0000000000000000        0.0000000000000000     
   3.9998743323148447        0.0000000000000000        0.0000000000000000        0.0000000000000000     
   4.0001644742162563        0.0000000000000000        0.0000000000000000        0.0000000000000000     
   4.0001415497969894        0.0000000000000000        0.0000000000000000        0.0000000000000000     
   4.0001159189340925        0.0000000000000000        0.0000000000000000        0.0000000000000000     
   4.0001542525827807        0.0000000000000000        0.0000000000000000        0.0000000000000000     
   4.0001502611978994        0.0000000000000000        0.0000000000000000        0.0000000000000000     
   4.0001502669567559        0.0000000000000000        0.0000000000000000        0.0000000000000000     
   4.0001542835602448        0.0000000000000000        0.0000000000000000        0.0000000000000000     
   4.0001159689898564        0.0000000000000000        0.0000000000000000        0.0000000000000000     
   4.0001415922168571        0.0000000000000000        0.0000000000000000        0.0000000000000000     
   4.0001645127861920        0.0000000000000000        0.0000000000000000        0.0000000000000000     
   3.9998743774571457        0.0000000000000000        0.0000000000000000        0.0000000000000000     
   3.9976418491731183        0.0000000000000000        0.0000000000000000        0.0000000000000000     
   3.9849050985277366        0.0000000000000000        0.0000000000000000        0.0000000000000000     
   4.0016227024032398        0.0000000000000000        0.0000000000000000        0.0000000000000000     
   4.0001379707743654        0.0000000000000000        0.0000000000000000        0.0000000000000000     
   4.0001182932200621        0.0000000000000000        0.0000000000000000        0.0000000000000000     
   4.0001552551663906        0.0000000000000000        0.0000000000000000        0.0000000000000000     
   4.0001542456662627        0.0000000000000000        0.0000000000000000        0.0000000000000000     
   4.0001404876090731        0.0000000000000000        0.0000000000000000        0.0000000000000000     
   4.0001477420968756        0.0000000000000000        0.0000000000000000        0.0000000000000000     
   4.0001405116044655        0.0000000000000000        0.0000000000000000        0.0000000000000000     
   4.0001542819008300        0.0000000000000000        0.0000000000000000        0.0000000000000000     
   4.0001553056111465        0.0000000000000000        0.0000000000000000        0.0000000000000000     
   4.0001183619784682        0.0000000000000000        0.0000000000000000        0.0000000000000000     
   4.0001380449388755        0.0000000000000000        0.0000000000000000        0.0000000000000000     
   4.0016227025254816        0.0000000000000000        0.0000000000000000        0.0000000000000000     
   3.9849049521769224        0.0000000000000000        0.0000000000000000        0.0000000000000000     
   4.0671458244686702        0.0000000000000000        0.0000000000000000        0.0000000000000000     
   3.9976495372467009        0.0000000000000000        0.0000000000000000        0.0000000000000000     
   4.0000261121641572        0.0000000000000000        0.0000000000000000        0.0000000000000000     
   4.0002471275518889        0.0000000000000000        0.0000000000000000        0.0000000000000000     
   4.0001925089479586        0.0000000000000000        0.0000000000000000        0.0000000000000000     
   4.0001497032457127        0.0000000000000000        0.0000000000000000        0.0000000000000000     
   4.0001502452192339        0.0000000000000000        0.0000000000000000        0.0000000000000000     
   4.0001477283450475        0.0000000000000000        0.0000000000000000        0.0000000000000000     
   4.0001477423298200        0.0000000000000000        0.0000000000000000        0.0000000000000000     
   4.0001502642669866        0.0000000000000000        0.0000000000000000        0.0000000000000000     
   4.0001497529710850        0.0000000000000000        0.0000000000000000        0.0000000000000000     
   4.0001925714546038        0.0000000000000000        0.0000000000000000        0.0000000000000000     
   4.0002471928579997        0.0000000000000000        0.0000000000000000        0.0000000000000000     
   4.0000261695433617        0.0000000000000000        0.0000000000000000        0.0000000000000000     
   3.9976494736044024        0.0000000000000000        0.0000000000000000        0.0000000000000000     
   3.9850527531939215        0.0000000000000000        0.0000000000000000        0.0000000000000000     
   4.0016823784656763        0.0000000000000000        0.0000000000000000        0.0000000000000000     
   4.0002351789931678        0.0000000000000000        0.0000000000000000        0.0000000000000000     
   4.0002034827680157        0.0000000000000000        0.0000000000000000        0.0000000000000000     
   4.0001858785738369        0.0000000000000000        0.0000000000000000        0.0000000000000000     
   4.0001739231455335        0.0000000000000000        0.0000000000000000        0.0000000000000000     
   4.0001502456664468        0.0000000000000000        0.0000000000000000        0.0000000000000000     
   4.0001404851598901        0.0000000000000000        0.0000000000000000        0.0000000000000000     
   4.0001502526730377        0.0000000000000000        0.0000000000000000        0.0000000000000000     
   4.0001739761117090        0.0000000000000000        0.0000000000000000        0.0000000000000000     
   4.0001859390582188        0.0000000000000000        0.0000000000000000        0.0000000000000000     
   4.0002035327078662        0.0000000000000000        0.0000000000000000        0.0000000000000000     
   4.0002352440952924        0.0000000000000000        0.0000000000000000        0.0000000000000000     
   4.0016823968885120        0.0000000000000000        0.0000000000000000        0.0000000000000000     
   3.9850526258559031        0.0000000000000000        0.0000000000000000        0.0000000000000000     
   4.0671847916670041        0.0000000000000000        0.0000000000000000        0.0000000000000000     
   3.9978257729948998        0.0000000000000000        0.0000000000000000        0.0000000000000000     
   4.0001883649794969        0.0000000000000000        0.0000000000000000        0.0000000000000000     
   4.0002997098061899        0.0000000000000000        0.0000000000000000        0.0000000000000000     
   4.0002368048094015        0.0000000000000000        0.0000000000000000        0.0000000000000000     
   4.0001858782588622        0.0000000000000000        0.0000000000000000        0.0000000000000000     
   4.0001497008799545        0.0000000000000000        0.0000000000000000        0.0000000000000000     
   4.0001542421748084        0.0000000000000000        0.0000000000000000        0.0000000000000000     
   4.0001542489604729        0.0000000000000000        0.0000000000000000        0.0000000000000000     
   4.0001497309415868        0.0000000000000000        0.0000000000000000        0.0000000000000000     
   4.0001859268374691        0.0000000000000000        0.0000000000000000        0.0000000000000000     
   4.0002368412666387        0.0000000000000000        0.0000000000000000        0.0000000000000000     
   4.0002997254531287        0.0000000000000000        0.0000000000000000        0.0000000000000000     
   4.0001883825721753        0.0000000000000000        0.0000000000000000        0.0000000000000000     
   3.9978256751562724        0.0000000000000000        0.0000000000000000        0.0000000000000000     
   3.9859228900756132        0.0000000000000000        0.0000000000000000        0.0000000000000000     
   4.0017234756017075        0.0000000000000000        0.0000000000000000        0.0000000000000000     
   4.0002736071819802        0.0000000000000000        0.0000000000000000        0.0000000000000000     
   4.0002997079599503        0.0000000000000000        0.0000000000000000        0.0000000000000000     
   4.0002034825291979        0.0000000000000000        0.0000000000000000        0.0000000000000000     
   4.0001925042331061        0.0000000000000000        0.0000000000000000        0.0000000000000000     
   4.0001552559081626        0.0000000000000000        0.0000000000000000        0.0000000000000000     
   4.0001159183681310        0.0000000000000000        0.0000000000000000        0.0000000000000000     
   4.0001552620609058        0.0000000000000000        0.0000000000000000        0.0000000000000000     
   4.0001925424740632        0.0000000000000000        0.0000000000000000        0.0000000000000000     
   4.0002035004225753        0.0000000000000000        0.0000000000000000        0.0000000000000000     
   4.0002997068259631        0.0000000000000000        0.0000000000000000        0.0000000000000000     
   4.0002736007942463        0.0000000000000000        0.0000000000000000        0.0000000000000000     
   4.0017234096059964        0.0000000000000000        0.0000000000000000        0.0000000000000000     
   3.9859227129036023        0.0000000000000000        0.0000000000000000        0.0000000000000000     
   4.0695354931690488        0.0000000000000000        0.0000000000000000        0.0000000000000000     
   3.9955749598365520        0.0000000000000000        0.0000000000000000        0.0000000000000000     
   4.0017234744178785        0.0000000000000000        0.0000000000000000        0.0000000000000000     
   4.0001883625436570        0.0000000000000000        0.0000000000000000        0.0000000000000000     
   4.0002351780161174        0.0000000000000000        0.0000000000000000        0.0000000000000000     
   4.0002471318728023        0.0000000000000000        0.0000000000000000        0.0000000000000000     
   4.0001182957690542        0.0000000000000000        0.0000000000000000        0.0000000000000000     
   4.0001415504457745        0.0000000000000000        0.0000000000000000        0.0000000000000000     
   4.0001415688855673        0.0000000000000000        0.0000000000000000        0.0000000000000000     
   4.0001183179802524        0.0000000000000000        0.0000000000000000        0.0000000000000000     
   4.0002471550936649        0.0000000000000000        0.0000000000000000        0.0000000000000000     
   4.0002351886082135        0.0000000000000000        0.0000000000000000        0.0000000000000000     
   4.0001883034921901        0.0000000000000000        0.0000000000000000        0.0000000000000000     
   4.0017234391475798        0.0000000000000000        0.0000000000000000        0.0000000000000000     
   3.9955747701307316        0.0000000000000000        0.0000000000000000        0.0000000000000000     
   4.0695354911974775        0.0000000000000000        0.0000000000000000        0.0000000000000000     
   3.9859228872941270        0.0000000000000000        0.0000000000000000        0.0000000000000000     
   3.9978257692400172        0.0000000000000000        0.0000000000000000        0.0000000000000000     
   4.0016823779556230        0.0000000000000000        0.0000000000000000        0.0000000000000000     
   4.0000261143540090        0.0000000000000000        0.0000000000000000        0.0000000000000000     
   4.0001379706624549        0.0000000000000000        0.0000000000000000        0.0000000000000000     
   4.0001644758512303        0.0000000000000000        0.0000000000000000        0.0000000000000000     
   4.0000623381497915        0.0000000000000000        0.0000000000000000        0.0000000000000000     
   4.0001645016415068        0.0000000000000000        0.0000000000000000        0.0000000000000000     
   4.0001380191335105        0.0000000000000000        0.0000000000000000        0.0000000000000000     
   4.0000261101983812        0.0000000000000000        0.0000000000000000        0.0000000000000000     
   4.0016823529159717        0.0000000000000000        0.0000000000000000        0.0000000000000000     
   3.9978257046071350        0.0000000000000000        0.0000000000000000        0.0000000000000000     
   3.9859230145215894        0.0000000000000000        0.0000000000000000        0.0000000000000000     
   4.0695352202368511        0.0000000000000000        0.0000000000000000        0.0000000000000000     
   4.0671847920823998        0.0000000000000000        0.0000000000000000        0.0000000000000000     
   3.9850527448284438        0.0000000000000000        0.0000000000000000        0.0000000000000000     
   3.9976495336684170        0.0000000000000000        0.0000000000000000        0.0000000000000000     
   4.0016227001561360        0.0000000000000000        0.0000000000000000        0.0000000000000000     
   3.9998743284821878        0.0000000000000000        0.0000000000000000        0.0000000000000000     
   4.0000870804619479        0.0000000000000000        0.0000000000000000        0.0000000000000000     
   4.0000871281581931        0.0000000000000000        0.0000000000000000        0.0000000000000000     
   3.9998743566359387        0.0000000000000000        0.0000000000000000        0.0000000000000000     
   4.0016226943302780        0.0000000000000000        0.0000000000000000        0.0000000000000000     
   3.9976495044703864        0.0000000000000000        0.0000000000000000        0.0000000000000000     
   3.9850526659127885        0.0000000000000000        0.0000000000000000        0.0000000000000000     
   4.0671848168070097        0.0000000000000000        0.0000000000000000        0.0000000000000000     
   4.0671458202348472        0.0000000000000000        0.0000000000000000        0.0000000000000000     
   3.9849050851813042        0.0000000000000000        0.0000000000000000        0.0000000000000000     
   3.9976419033226311        0.0000000000000000        0.0000000000000000        0.0000000000000000     
   4.0014169157673924        0.0000000000000000        0.0000000000000000        0.0000000000000000     
   3.9996165466089577        0.0000000000000000        0.0000000000000000        0.0000000000000000     
   4.0014168921932942        0.0000000000000000        0.0000000000000000        0.0000000000000000     
   3.9976419266663172        0.0000000000000000        0.0000000000000000        0.0000000000000000     
   3.9849051066008760        0.0000000000000000        0.0000000000000000        0.0000000000000000     
   4.0671458220180075        0.0000000000000000        0.0000000000000000        0.0000000000000000     
   4.0671251597774347        0.0000000000000000        0.0000000000000000        0.0000000000000000     
   3.9844920320459245        0.0000000000000000        0.0000000000000000        0.0000000000000000     
   3.9986745699604280        0.0000000000000000        0.0000000000000000        0.0000000000000000     
   3.9986745447146248        0.0000000000000000        0.0000000000000000        0.0000000000000000     
   3.9844921026774944        0.0000000000000000        0.0000000000000000        0.0000000000000000     
   4.0671251840729266        0.0000000000000000        0.0000000000000000        0.0000000000000000     
   4.0665469223864994        0.0000000000000000        0.0000000000000000        0.0000000000000000     
   3.9659386506987397        0.0000000000000000        0.0000000000000000        0.0000000000000000     
   4.0665469684991713        0.0000000000000000        0.0000000000000000        0.0000000000000000     
   4.0665469795886731        0.0000000000000000        0.0000000000000000        0.0000000000000000     
   3.9659386548635984        0.0000000000000000        0.0000000000000000        0.0000000000000000     
   4.0671251932256718        0.0000000000000000        0.0000000000000000        0.0000000000000000     
   3.9844921096088695        0.0000000000000000        0.0000000000000000        0.0000000000000000     
   3.9986745437167852        0.0000000000000000        0.0000000000000000        0.0000000000000000     
   3.9986745765890825        0.0000000000000000        0.0000000000000000        0.0000000000000000     
   3.9844920328144049        0.0000000000000000        0.0000000000000000        0.0000000000000000     
   4.0671458250568673        0.0000000000000000        0.0000000000000000        0.0000000000000000     
   3.9849051081092575        0.0000000000000000        0.0000000000000000        0.0000000000000000     
   3.9976419315093965        0.0000000000000000        0.0000000000000000        0.0000000000000000     
   4.0014168984432450        0.0000000000000000        0.0000000000000000        0.0000000000000000     
   3.9996165523619420        0.0000000000000000        0.0000000000000000        0.0000000000000000     
   4.0014169212474746        0.0000000000000000        0.0000000000000000        0.0000000000000000     
   3.9976419114642030        0.0000000000000000        0.0000000000000000        0.0000000000000000     
   3.9849050962133514        0.0000000000000000        0.0000000000000000        0.0000000000000000     
   4.0671848209137034        0.0000000000000000        0.0000000000000000        0.0000000000000000     
   3.9850526729804083        0.0000000000000000        0.0000000000000000        0.0000000000000000     
   3.9976495040006110        0.0000000000000000        0.0000000000000000        0.0000000000000000     
   4.0016227009215024        0.0000000000000000        0.0000000000000000        0.0000000000000000     
   3.9998743608114382        0.0000000000000000        0.0000000000000000        0.0000000000000000     
   4.0000871292315354        0.0000000000000000        0.0000000000000000        0.0000000000000000     
   4.0000870860557844        0.0000000000000000        0.0000000000000000        0.0000000000000000     
   3.9998743312606924        0.0000000000000000        0.0000000000000000        0.0000000000000000     
   4.0016227028739237        0.0000000000000000        0.0000000000000000        0.0000000000000000     
   3.9976495361904414        0.0000000000000000        0.0000000000000000        0.0000000000000000     
   3.9850527463189129        0.0000000000000000        0.0000000000000000        0.0000000000000000     
   4.0695352160849581        0.0000000000000000        0.0000000000000000        0.0000000000000000     
   3.9859230106996977        0.0000000000000000        0.0000000000000000        0.0000000000000000     
   3.9978257032000406        0.0000000000000000        0.0000000000000000        0.0000000000000000     
   4.0016823528404224        0.0000000000000000        0.0000000000000000        0.0000000000000000     
   4.0000261058383968        0.0000000000000000        0.0000000000000000        0.0000000000000000     
   4.0001380240193711        0.0000000000000000        0.0000000000000000        0.0000000000000000     
   4.0001645072607914        0.0000000000000000        0.0000000000000000        0.0000000000000000     
   4.0000623408083733        0.0000000000000000        0.0000000000000000        0.0000000000000000     
   4.0001644768359323        0.0000000000000000        0.0000000000000000        0.0000000000000000     
   4.0001379739630654        0.0000000000000000        0.0000000000000000        0.0000000000000000     
   4.0000261093955514        0.0000000000000000        0.0000000000000000        0.0000000000000000     
   4.0016823758579729        0.0000000000000000        0.0000000000000000        0.0000000000000000     
   3.9978257643361093        0.0000000000000000        0.0000000000000000        0.0000000000000000     
   3.9859228907842104        0.0000000000000000        0.0000000000000000        0.0000000000000000     
   4.0695353072503515        0.0000000000000000        0.0000000000000000        0.0000000000000000     
   3.9955747630200857        0.0000000000000000        0.0000000000000000        0.0000000000000000     
   4.0017234301002134        0.0000000000000000        0.0000000000000000        0.0000000000000000     
   4.0001883046275308        0.0000000000000000        0.0000000000000000        0.0000000000000000     
   4.0002351868004542        0.0000000000000000        0.0000000000000000        0.0000000000000000     
   4.0002471578196603        0.0000000000000000        0.0000000000000000        0.0000000000000000     
   4.0001183204172399        0.0000000000000000        0.0000000000000000        0.0000000000000000     
   4.0001415662932365        0.0000000000000000        0.0000000000000000        0.0000000000000000     
   4.0001415529567321        0.0000000000000000        0.0000000000000000        0.0000000000000000     
   4.0001182962325874        0.0000000000000000        0.0000000000000000        0.0000000000000000     
   4.0002471279433349        0.0000000000000000        0.0000000000000000        0.0000000000000000     
   4.0002351780163083        0.0000000000000000        0.0000000000000000        0.0000000000000000     
   4.0001883638189977        0.0000000000000000        0.0000000000000000        0.0000000000000000     
   4.0017234718684600        0.0000000000000000        0.0000000000000000        0.0000000000000000     
   3.9955749539261882        0.0000000000000000        0.0000000000000000        0.0000000000000000     
   3.9859227068167793        0.0000000000000000        0.0000000000000000        0.0000000000000000     
   4.0017234067753771        0.0000000000000000        0.0000000000000000        0.0000000000000000     
   4.0002735965624217        0.0000000000000000        0.0000000000000000        0.0000000000000000     
   4.0002997058551450        0.0000000000000000        0.0000000000000000        0.0000000000000000     
   4.0002035008157995        0.0000000000000000        0.0000000000000000        0.0000000000000000     
   4.0001925426759524        0.0000000000000000        0.0000000000000000        0.0000000000000000     
   4.0001552631539088        0.0000000000000000        0.0000000000000000        0.0000000000000000     
   4.0001159155508779        0.0000000000000000        0.0000000000000000        0.0000000000000000     
   4.0001552566945691        0.0000000000000000        0.0000000000000000        0.0000000000000000     
   4.0001925080769798        0.0000000000000000        0.0000000000000000        0.0000000000000000     
   4.0002034803625373        0.0000000000000000        0.0000000000000000        0.0000000000000000     
   4.0002997130008291        0.0000000000000000        0.0000000000000000        0.0000000000000000     
   4.0002736061515698        0.0000000000000000        0.0000000000000000        0.0000000000000000     
   4.0017234746367984        0.0000000000000000        0.0000000000000000        0.0000000000000000     
   3.9859228847164965        0.0000000000000000        0.0000000000000000        0.0000000000000000     
   4.0671847283839533        0.0000000000000000        0.0000000000000000        0.0000000000000000     
   3.9978256746523293        0.0000000000000000        0.0000000000000000        0.0000000000000000     
   4.0001883815848753        0.0000000000000000        0.0000000000000000        0.0000000000000000     
   4.0002997293030838        0.0000000000000000        0.0000000000000000        0.0000000000000000     
   4.0002368426267392        0.0000000000000000        0.0000000000000000        0.0000000000000000     
   4.0001859265054405        0.0000000000000000        0.0000000000000000        0.0000000000000000     
   4.0001497315126047        0.0000000000000000        0.0000000000000000        0.0000000000000000     
   4.0001542513676185        0.0000000000000000        0.0000000000000000        0.0000000000000000     
   4.0001542479417580        0.0000000000000000        0.0000000000000000        0.0000000000000000     
   4.0001497043530811        0.0000000000000000        0.0000000000000000        0.0000000000000000     
   4.0001858806093686        0.0000000000000000        0.0000000000000000        0.0000000000000000     
   4.0002368051965504        0.0000000000000000        0.0000000000000000        0.0000000000000000     
   4.0002997135947895        0.0000000000000000        0.0000000000000000        0.0000000000000000     
   4.0001883663160109        0.0000000000000000        0.0000000000000000        0.0000000000000000     
   3.9978257664217050        0.0000000000000000        0.0000000000000000        0.0000000000000000     
   3.9850526191153381        0.0000000000000000        0.0000000000000000        0.0000000000000000     
   4.0016823940545008        0.0000000000000000        0.0000000000000000        0.0000000000000000     
   4.0002352453686916        0.0000000000000000        0.0000000000000000        0.0000000000000000     
   4.0002035389547412        0.0000000000000000        0.0000000000000000        0.0000000000000000     
   4.0001859411799261        0.0000000000000000        0.0000000000000000        0.0000000000000000     
   4.0001739762754083        0.0000000000000000        0.0000000000000000        0.0000000000000000     
   4.0001502583459656        0.0000000000000000        0.0000000000000000        0.0000000000000000     
   4.0001404871853818        0.0000000000000000        0.0000000000000000        0.0000000000000000     
   4.0001502469306338        0.0000000000000000        0.0000000000000000        0.0000000000000000     
   4.0001739231152644        0.0000000000000000        0.0000000000000000        0.0000000000000000     
   4.0001858783436086        0.0000000000000000        0.0000000000000000        0.0000000000000000     
   4.0002034846960752        0.0000000000000000        0.0000000000000000        0.0000000000000000     
   4.0002351817430588        0.0000000000000000        0.0000000000000000        0.0000000000000000     
   4.0016823767482625        0.0000000000000000        0.0000000000000000        0.0000000000000000     
   3.9850527368051734        0.0000000000000000        0.0000000000000000        0.0000000000000000     
   4.0671458088928745        0.0000000000000000        0.0000000000000000        0.0000000000000000     
   3.9976494638549411        0.0000000000000000        0.0000000000000000        0.0000000000000000     
   4.0000261676246680        0.0000000000000000        0.0000000000000000        0.0000000000000000     
   4.0002471902404801        0.0000000000000000        0.0000000000000000        0.0000000000000000     
   4.0001925747279303        0.0000000000000000        0.0000000000000000        0.0000000000000000     
   4.0001497550701766        0.0000000000000000        0.0000000000000000        0.0000000000000000     
   4.0001502701624299        0.0000000000000000        0.0000000000000000        0.0000000000000000     
   4.0001477410219719        0.0000000000000000        0.0000000000000000        0.0000000000000000     
   4.0001477286911618        0.0000000000000000        0.0000000000000000        0.0000000000000000     
   4.0001502472645267        0.0000000000000000        0.0000000000000000        0.0000000000000000     
   4.0001497034804485        0.0000000000000000        0.0000000000000000        0.0000000000000000     
   4.0001925060714463        0.0000000000000000        0.0000000000000000        0.0000000000000000     
   4.0002471279168725        0.0000000000000000        0.0000000000000000        0.0000000000000000     
   4.0000261126225833        0.0000000000000000        0.0000000000000000        0.0000000000000000     
   3.9976495275764097        0.0000000000000000        0.0000000000000000        0.0000000000000000     
   3.9849049403126862        0.0000000000000000        0.0000000000000000        0.0000000000000000     
   4.0016226987417705        0.0000000000000000        0.0000000000000000        0.0000000000000000     
   4.0001380446664658        0.0000000000000000        0.0000000000000000        0.0000000000000000     
   4.0001183614247831        0.0000000000000000        0.0000000000000000        0.0000000000000000     
   4.0001553054656380        0.0000000000000000        0.0000000000000000        0.0000000000000000     
   4.0001542844301294        0.0000000000000000        0.0000000000000000        0.0000000000000000     
   4.0001405098077507        0.0000000000000000        0.0000000000000000        0.0000000000000000     
   4.0001477399987566        0.0000000000000000        0.0000000000000000        0.0000000000000000     
   4.0001404870619561        0.0000000000000000        0.0000000000000000        0.0000000000000000     
   4.0001542502759602        0.0000000000000000        0.0000000000000000        0.0000000000000000     
   4.0001552594269070        0.0000000000000000        0.0000000000000000        0.0000000000000000     
   4.0001182941916635        0.0000000000000000        0.0000000000000000        0.0000000000000000     
   4.0001379716822996        0.0000000000000000        0.0000000000000000        0.0000000000000000     
   4.0016227012146377        0.0000000000000000        0.0000000000000000        0.0000000000000000     
   3.9849050842756415        0.0000000000000000        0.0000000000000000        0.0000000000000000     
   4.0671250887215642        0.0000000000000000        0.0000000000000000        0.0000000000000000     
   3.9976418353996030        0.0000000000000000        0.0000000000000000        0.0000000000000000     
   3.9998743764165812        0.0000000000000000        0.0000000000000000        0.0000000000000000     
   4.0001645180986971        0.0000000000000000        0.0000000000000000        0.0000000000000000     
   4.0001415951439139        0.0000000000000000        0.0000000000000000        0.0000000000000000     
   4.0001159691646322        0.0000000000000000        0.0000000000000000        0.0000000000000000     
   4.0001542812322857        0.0000000000000000        0.0000000000000000        0.0000000000000000     
   4.0001502707050127        0.0000000000000000        0.0000000000000000        0.0000000000000000     
   4.0001502625046701        0.0000000000000000        0.0000000000000000        0.0000000000000000     
   4.0001542540971275        0.0000000000000000        0.0000000000000000        0.0000000000000000     
   4.0001159207325525        0.0000000000000000        0.0000000000000000        0.0000000000000000     
   4.0001415539404821        0.0000000000000000        0.0000000000000000        0.0000000000000000     
   4.0001644749568719        0.0000000000000000        0.0000000000000000        0.0000000000000000     
   3.9998743290094350        0.0000000000000000        0.0000000000000000        0.0000000000000000     
   3.9976419074314391        0.0000000000000000        0.0000000000000000        0.0000000000000000     
   3.9844919401076080        0.0000000000000000        0.0000000000000000        0.0000000000000000     
   4.0014168970665640        0.0000000000000000        0.0000000000000000        0.0000000000000000     
   4.0000871324297780        0.0000000000000000        0.0000000000000000        0.0000000000000000     
   4.0000623830257220        0.0000000000000000        0.0000000000000000        0.0000000000000000     
   4.0001415973446495        0.0000000000000000        0.0000000000000000        0.0000000000000000     
   4.0001553087289947        0.0000000000000000        0.0000000000000000        0.0000000000000000     
   4.0001497577323075        0.0000000000000000        0.0000000000000000        0.0000000000000000     
   4.0001739805208683        0.0000000000000000        0.0000000000000000        0.0000000000000000     
   4.0001497364185701        0.0000000000000000        0.0000000000000000        0.0000000000000000     
   4.0001552653513750        0.0000000000000000        0.0000000000000000        0.0000000000000000     
   4.0001415680392665        0.0000000000000000        0.0000000000000000        0.0000000000000000     
   4.0000623431480662        0.0000000000000000        0.0000000000000000        0.0000000000000000     
   4.0000870819663064        0.0000000000000000        0.0000000000000000        0.0000000000000000     
   4.0014169171124081        0.0000000000000000        0.0000000000000000        0.0000000000000000     
   3.9844920321009432        0.0000000000000000        0.0000000000000000        0.0000000000000000     
   4.0665469121271016        0.0000000000000000        0.0000000000000000        0.0000000000000000     
   3.9986744299240975        0.0000000000000000        0.0000000000000000        0.0000000000000000     
   3.9996165293524890        0.0000000000000000        0.0000000000000000        0.0000000000000000     
   4.0000871353902365        0.0000000000000000        0.0000000000000000        0.0000000000000000     
   4.0001645180777325        0.0000000000000000        0.0000000000000000        0.0000000000000000     
   4.0001183642422333        0.0000000000000000        0.0000000000000000        0.0000000000000000     
   4.0001925756350660        0.0000000000000000        0.0000000000000000        0.0000000000000000     
   4.0001859415257739        0.0000000000000000        0.0000000000000000        0.0000000000000000     
   4.0001859301491223        0.0000000000000000        0.0000000000000000        0.0000000000000000     
   4.0001925430799625        0.0000000000000000        0.0000000000000000        0.0000000000000000     
   4.0001183216785225        0.0000000000000000        0.0000000000000000        0.0000000000000000     
   4.0001645045079535        0.0000000000000000        0.0000000000000000        0.0000000000000000     
   4.0000871291149318        0.0000000000000000        0.0000000000000000        0.0000000000000000     
   3.9996165461170534        0.0000000000000000        0.0000000000000000        0.0000000000000000     
   3.9986745734395188        0.0000000000000000        0.0000000000000000        0.0000000000000000     
   3.9659381884237246        0.0000000000000000        0.0000000000000000        0.0000000000000000     
   3.9986744271837811        0.0000000000000000        0.0000000000000000        0.0000000000000000     
   4.0014168968843444        0.0000000000000000        0.0000000000000000        0.0000000000000000     
   3.9998743770340903        0.0000000000000000        0.0000000000000000        0.0000000000000000     
   4.0001380457779652        0.0000000000000000        0.0000000000000000        0.0000000000000000     
   4.0002471940734150        0.0000000000000000        0.0000000000000000        0.0000000000000000     
   4.0002035392169697        0.0000000000000000        0.0000000000000000        0.0000000000000000     
   4.0002368408649378        0.0000000000000000        0.0000000000000000        0.0000000000000000     
   4.0002034996442282        0.0000000000000000        0.0000000000000000        0.0000000000000000     
   4.0002471606783176        0.0000000000000000        0.0000000000000000        0.0000000000000000     
   4.0001380194021126        0.0000000000000000        0.0000000000000000        0.0000000000000000     
   3.9998743618250554        0.0000000000000000        0.0000000000000000        0.0000000000000000     
   4.0014168951609133        0.0000000000000000        0.0000000000000000        0.0000000000000000     
   3.9986745424617856        0.0000000000000000        0.0000000000000000        0.0000000000000000     
   3.9659386538106483        0.0000000000000000        0.0000000000000000        0.0000000000000000     
   4.0665469116148891        0.0000000000000000        0.0000000000000000        0.0000000000000000     
   3.9844919477395759        0.0000000000000000        0.0000000000000000        0.0000000000000000     
   3.9976418399433764        0.0000000000000000        0.0000000000000000        0.0000000000000000     
   4.0016227000853970        0.0000000000000000        0.0000000000000000        0.0000000000000000     
   4.0000261729407427        0.0000000000000000        0.0000000000000000        0.0000000000000000     
   4.0002352450486436        0.0000000000000000        0.0000000000000000        0.0000000000000000     
   4.0002997275107841        0.0000000000000000        0.0000000000000000        0.0000000000000000     
   4.0002997081300489        0.0000000000000000        0.0000000000000000        0.0000000000000000     
   4.0002351886056609        0.0000000000000000        0.0000000000000000        0.0000000000000000     
   4.0000261047271026        0.0000000000000000        0.0000000000000000        0.0000000000000000     
   4.0016226961234862        0.0000000000000000        0.0000000000000000        0.0000000000000000     
   3.9976419272870096        0.0000000000000000        0.0000000000000000        0.0000000000000000     
   3.9844921066794927        0.0000000000000000        0.0000000000000000        0.0000000000000000     
   4.0665469785838138        0.0000000000000000        0.0000000000000000        0.0000000000000000     
   4.0671250885600863        0.0000000000000000        0.0000000000000000        0.0000000000000000     
   3.9849049417466511        0.0000000000000000        0.0000000000000000        0.0000000000000000     
   3.9976494670199836        0.0000000000000000        0.0000000000000000        0.0000000000000000     
   4.0016823981073761        0.0000000000000000        0.0000000000000000        0.0000000000000000     
   4.0001883840262380        0.0000000000000000        0.0000000000000000        0.0000000000000000     
   4.0002735956902349        0.0000000000000000        0.0000000000000000        0.0000000000000000     
   4.0001883072486422        0.0000000000000000        0.0000000000000000        0.0000000000000000     
   4.0016823565988853        0.0000000000000000        0.0000000000000000        0.0000000000000000     
   3.9976495012313236        0.0000000000000000        0.0000000000000000        0.0000000000000000     
   3.9849051050578401        0.0000000000000000        0.0000000000000000        0.0000000000000000     
   4.0671251868242955        0.0000000000000000        0.0000000000000000        0.0000000000000000     
   4.0671458106813905        0.0000000000000000        0.0000000000000000        0.0000000000000000     
   3.9850526244625670        0.0000000000000000        0.0000000000000000        0.0000000000000000     
   3.9978256793341149        0.0000000000000000        0.0000000000000000        0.0000000000000000     
   4.0017234112163775        0.0000000000000000        0.0000000000000000        0.0000000000000000     
   4.0017234391890621        0.0000000000000000        0.0000000000000000        0.0000000000000000     
   3.9978257137324231        0.0000000000000000        0.0000000000000000        0.0000000000000000     
   3.9850526686362056        0.0000000000000000        0.0000000000000000        0.0000000000000000     
   4.0671458220511925        0.0000000000000000        0.0000000000000000        0.0000000000000000     
   4.0671847337988032        0.0000000000000000        0.0000000000000000        0.0000000000000000     
   3.9859227137080704        0.0000000000000000        0.0000000000000000        0.0000000000000000     
   3.9955747760301481        0.0000000000000000        0.0000000000000000        0.0000000000000000     
   3.9859230160737389        0.0000000000000000        0.0000000000000000        0.0000000000000000     
   4.0671848165251516        0.0000000000000000        0.0000000000000000        0.0000000000000000     
   4.0695353177755180        0.0000000000000000        0.0000000000000000        0.0000000000000000     
   4.0695352229230553        0.0000000000000000        0.0000000000000000        0.0000000000000000     
   4.0695353105648024        0.0000000000000000        0.0000000000000000        0.0000000000000000     
   4.0665469274409869        0.0000000000000000        0.0000000000000000        0.0000000000000000     
   4.0695353118279689        0.0000000000000000        0.0000000000000000        0.0000000000000000     
   4.0665469259833884        0.0000000000000000        0.0000000000000000        0.0000000000000000     
   4.0671847312958587        0.0000000000000000        0.0000000000000000        0.0000000000000000     
   4.0671251708278833        0.0000000000000000        0.0000000000000000        0.0000000000000000     
   4.0671847341857008        0.0000000000000000        0.0000000000000000        0.0000000000000000     
   4.0671251690311063        0.0000000000000000        0.0000000000000000        0.0000000000000000     
   4.0671458095003326        0.0000000000000000        0.0000000000000000        0.0000000000000000     
   4.0671458253357304        0.0000000000000000        0.0000000000000000        0.0000000000000000     
   4.0671458181571030        0.0000000000000000        0.0000000000000000        0.0000000000000000     
   4.0671458103233178        0.0000000000000000        0.0000000000000000        0.0000000000000000     
   4.0671847928582263        0.0000000000000000        0.0000000000000000        0.0000000000000000     
   4.0671250956224654        0.0000000000000000        0.0000000000000000        0.0000000000000000     
   4.0671250995550796        0.0000000000000000        0.0000000000000000        0.0000000000000000     
   4.0671847826241514        0.0000000000000000        0.0000000000000000        0.0000000000000000     
   4.0665469169748896        0.0000000000000000        0.0000000000000000        0.0000000000000000     
   4.0695354874426535        0.0000000000000000        0.0000000000000000        0.0000000000000000     
   3.9659381963759648        0.0000000000000000        0.0000000000000000        0.0000000000000000     
   4.0665469156294440        0.0000000000000000        0.0000000000000000        0.0000000000000000     
   4.0695354854405386        0.0000000000000000        0.0000000000000000        0.0000000000000000     
  0.94672984592711029     
  0.94813259781808490     
  0.94818124293583583     
  0.94829651295890838     
  0.94865936656340610     
  0.94865949174746644     
  0.94829668147404178     
  0.94818131328192856     
  0.94813262468093340     
  0.94672985803863663     
  0.94672986458920683     
  0.94672984373178537     
  0.94813263501377176     
  0.94813259338352052     
  0.94818131764156055     
  0.94818125506232476     
  0.94829668848754989     
  0.94829651775237134     
  0.94865949613243128     
  0.94865936950944985     
  0.94865936495529046     
  0.94829651793273284     
  0.94818124554856587     
  0.94813258243828558     
  0.94672983612476536     
  0.94673005610368810     
  0.94813264573735556     
  0.94818134762300488     
  0.94829677262664736     
  0.94865957741365792     
  0.94865957771482878     
  0.94865936819866015     
  0.94829678155642239     
  0.94829651630692036     
  0.94818135962332140     
  0.94818125925203223     
  0.94813265146772241     
  0.94813259274132899     
  0.94673005731452520     
  0.94672984128326776     
  0.94673005684158806     
  0.94865949232169533     
  0.94673005968764889     
  0.94865948845703985     
  0.94813264839840994     
  0.94829667988898525     
  0.94813265183848283     
  0.94829668034674486     
  0.94818134753075067     
  0.94818130734903838     
  0.94818134849095059     
  0.94818131575498021     
  0.94813261735912024     
  0.94829676562442067     
  0.94829677637867160     
  0.94813262865375392     
  0.94865957601973716     
  0.94672985218099270     
  0.94865958395086236     
  0.94672985866076154     
 0 0
